SE2
-0.9 -0.9 0 
-0.836473 -0.89843 0.00598447 
-0.772947 -0.896859 0.0119689 
-0.70942 -0.895289 0.0179534 
-0.645893 -0.893719 0.0239379 
-0.556418 -0.855919 0.081516 
-0.466942 -0.81812 0.139094 
-0.377466 -0.78032 0.196672 
-0.287991 -0.74252 0.25425 
-0.240203 -0.706976 0.30621 
-0.192416 -0.671432 0.358169 
-0.144629 -0.635887 0.410129 
-0.0968416 -0.600343 0.462088 
-0.022029 -0.542925 0.545879 
0.0527836 -0.485507 0.62967 
0.0860722 -0.455432 0.673206 
0.119361 -0.425357 0.716741 
0.131888 -0.408953 0.740149 
0.144414 -0.392549 0.763556 
0.142818 -0.383815 0.775521 
0.141221 -0.375082 0.787486 
0.139625 -0.366349 0.799451 
0.138028 -0.357616 0.811416 
0.103257 -0.322906 0.857265 
0.0684864 -0.288196 0.903113 
0.0337154 -0.253486 0.948961 
-0.00105559 -0.218776 0.994809 
-0.00629566 -0.215631 1.00172 
-0.0115357 -0.212487 1.00864 
-0.0408852 -0.193783 1.04749 
-0.0702348 -0.175078 1.08635 
-0.147803 -0.125252 1.18908 
-0.225372 -0.0754256 1.29182 
-0.276738 -0.00105768 1.36469 
-0.328104 0.0733102 1.43756 
-0.278847 0.16564 1.38682 
-0.22959 0.25797 1.33609 
-0.130021 0.359282 1.22355 
-0.0304518 0.460593 1.11101 
0.0470858 0.49721 1.01843 
0.124623 0.533827 0.925841 
0.202161 0.570445 0.833257 
0.279699 0.607062 0.740673 
0.357236 0.643679 0.648089 
0.434774 0.680296 0.555505 
0.512312 0.716914 0.462921 
0.589849 0.753531 0.370337 
0.667387 0.790148 0.277752 
0.783694 0.845074 0.138876 
0.9 0.9 0 

