R2
-0.9 -0.9 
-0.871263 -0.897306 
-0.842527 -0.894613 
-0.81379 -0.891919 
-0.785054 -0.889225 
-0.776624 -0.887472 
-0.768194 -0.885718 
-0.715598 -0.856702 
-0.663001 -0.827686 
-0.592535 -0.785915 
-0.52207 -0.744144 
-0.451604 -0.702374 
-0.381139 -0.660603 
-0.334546 -0.632612 
-0.287952 -0.60462 
-0.241359 -0.576629 
-0.17147 -0.534643 
-0.10158 -0.492656 
-0.0524378 -0.462344 
-0.00329586 -0.432033 
0.000527434 -0.428552 
0.00435072 -0.425072 
0.0334148 -0.395952 
0.0624789 -0.366833 
0.091543 -0.337713 
0.120607 -0.308594 
0.142423 -0.281297 
0.164239 -0.254001 
0.168515 -0.207676 
0.17279 -0.16135 
0.141985 -0.0769677 
0.11118 0.00741513 
0.0697308 0.0907428 
0.0282814 0.17407 
0.000623787 0.21723 
-0.0270338 0.26039 
-0.0477954 0.283466 
-0.068557 0.306542 
-0.0493662 0.336776 
-0.0301754 0.367011 
-0.0109845 0.397245 
0.00820627 0.427479 
0.0355557 0.444115 
0.0629052 0.46075 
0.132317 0.498601 
0.201729 0.536451 
0.355265 0.616731 
0.508802 0.697011 
0.704401 0.798505 
0.9 0.9 

