0 0 0 0 0 0 0 0 0 0
-0.0769025 -0.0982733 0.0664945 -0.61522 -0.786186 0.531956 66.5005 5.60427 34.5066 0.25
0.232676 0.165704 1.23356 2.38424 2.29463 6.13698 62.8352 1.51166 97.8105 0.35
0.411557 0.316357 1.91975 0.000848854 -0.285926 3.01218 69.0227 38.6855 -92.9362 0.15
-0.728071 -1.47344 1.45065 -4.55936 -6.87327 -4.88855 79.9821 23.7201 -68.808 0.5
-0.850666 -2.34741 0.94945 3.5786 -0.118506 0.878943 85.8962 23.095 81.3887 0.25
-0.716315 -2.39758 0.968605 1.79543 -1.88796 -0.112735 62.6681 -31.6954 -12.207 0.05
0.531741 -2.37098 1.00259 4.44484 2.02094 0.282651 51.1701 77.1601 -26.2763 0.4
1.92951 -1.54455 0.755512 4.87364 3.48858 -1.92983 49.9138 92.3494 -73.6629 0.3
2.16335 -1.37706 0.66972 4.4797 3.21097 -1.50185 54.4588 -17.7109 95.5904 0.05
2.3496 -1.23364 0.598556 2.97027 2.52595 -1.34472 -2.18858 28.0119 84.8469 0.05
2.69456 -1.03739 0.40498 0.479385 -0.563417 -0.591042 75.7348 -59.4007 96.8395 0.2
2.72128 -1.05863 0.384192 0.589222 -0.286232 -0.240451 50.3772 36.9453 38.8248 0.05
2.72684 -1.07633 0.374852 -0.366841 -0.421703 -0.133177 -1.88239 75.6577 32.9066 0.05
2.72238 -1.08884 0.369353 0.188469 -0.0789792 -0.0867568 80.7719 36.1274 -15.0858 0.05
2.73082 -1.08836 0.373585 -0.0195887 0.0885748 0.171397 48.7405 40.8305 18.8551 0.1
