0 0 0 0 0 0 0
-0.291744 -0.187581 -1.16698 -0.750324 26.0968 2.23564 0.5
-0.917064 -0.0273897 -3.00182 1.81827 -29.2824 97.8653 0.3
-1.81779 -0.0115455 -6.00545 -1.65982 38.9192 -74.1459 0.2
-2.22061 0.0553621 0.634508 2.55192 94.1824 52.4659 0.15
-2.80368 -0.0463539 -8.40868 -3.90814 -39.4534 -98.4799 0.15
-3.72289 -0.522522 4.32327 1.79183 91.9365 -6.93506 0.45
-1.85372 -0.704383 5.02259 -2.70114 81.3529 -91.9476 0.4
0.378703 -1.10742 7.73414 0.398045 24.9999 44.7543 0.35
0.803146 -1.05583 9.24359 1.66577 48.7683 86.9849 0.05
2.4401 -0.482906 -2.69577 0.625918 -57.7661 83.7822 0.5
2.16615 -0.423196 -0.0437057 -0.0288175 95.566 -74.3257 0.2
2.16579 -0.423031 0.0293089 0.0353791 30.1354 9.33528 0.05
2.65266 -0.231256 3.86566 1.49883 67.3964 -9.64621 0.25
2.75551 -0.20894 0.248238 -0.60622 -91.5597 -42.5092 0.05
2.79246 -0.233895 0.244403 0.273492 5.86872 51.9253 0.15
2.79732 -0.229136 -0.0502025 -0.0831232 34.3908 -28.5851 0.05
2.79738 -0.229974 0.0528427 0.0495919 27.0564 17.8958 0.05
2.79738 -0.229543 -0.0529788 -0.0323708 27.5213 0.256695 0.05
