0 0 0 0 0 0 0
0.0251793 0.0242806 1.00717 0.971224 32.3058 79.7272 0.05
0.105763 0.129021 0.0672771 0.425317 18.9237 0.853791 0.15
1.25027 0.505791 6.47278 1.72765 87.7519 -38.5331 0.35
1.48826 0.536836 3.04676 -0.485815 -67.5741 -75.1682 0.05
1.6607 0.214118 -0.747514 -3.81709 17.0835 -71.5826 0.15
1.61759 -0.282787 0.316386 -1.15196 -2.59462 90.2323 0.2
1.60977 -0.394543 -0.347667 0.70494 9.26235 39.9279 0.5
1.59931 -0.370432 -0.070624 0.259489 87.2295 -88.5306 0.05
1.59554 -0.34729 -0.00479202 0.203366 34.3082 -2.21813 0.1
1.93588 -0.127382 4.54261 2.72873 83.3509 18.3273 0.15
2.06276 -0.0533484 0.532645 0.232614 -91.6775 -73.6771 0.05
2.11893 -0.0168385 1.71428 1.22778 44.3473 69.6011 0.05
2.16462 0.0119727 0.113185 -0.0753336 5.5917 -75.5058 0.05
2.39152 0.121718 1.18337 0.702449 32.7718 10.4521 0.35
2.69271 0.303943 0.322603 0.208675 25.76 3.63725 0.4
2.69802 0.307053 -0.110368 -0.0842729 18.2282 -7.32906 0.05
2.69423 0.298456 0.0345328 -0.0876542 35.3613 -1.16154 0.1
2.69554 0.295651 0.0180335 -0.02458 23.0641 16.3168 0.05
