0 0 0 0 0 0 0 0 0 0
0.181303 0.194638 0.227324 1.45042 1.5571 1.8186 -42.9107 58.4155 63.2571 0.25
0.546477 0.559197 0.546379 0.0102724 -0.0988647 -0.542378 84.2523 -23.2665 -48.0474 0.5
0.591231 0.546704 0.485041 0.188636 0.0433381 0.269768 32.2116 -24.9067 41.4454 0.45
0.169001 0.0393069 0.130774 -2.06522 -2.29844 -1.84429 49.2517 -23.7481 -12.4332 0.45
0.205716 -0.0849249 0.34315 2.21208 1.80151 2.6938 72.8549 -54.2078 70.0012 0.5
0.493288 0.161564 0.657236 3.53937 3.12827 3.58794 21.0922 93.8979 -27.0814 0.1
1.66778 1.1735 2.02513 3.17199 2.6542 4.22858 65.468 -89.5732 72.9961 0.35
1.79595 1.03978 2.7169 -2.60234 -3.24847 -1.15401 62.5586 -49.0868 -40.2554 0.45
-0.000454008 -1.04905 1.69631 -5.38167 -6.03525 -3.38198 22.7566 -10.8777 -0.197538 0.45
-0.365679 -1.62666 1.59562 2.94684 2.18454 2.71075 73.999 92.1747 -15.8906 0.3
0.313363 -1.20732 2.3005 0.933404 0.211681 1.31713 3.13047 1.09707 12.7721 0.35
0.588816 -1.04509 2.57972 2.7393 1.95144 2.40575 85.6224 29.64 -36.5933 0.15
1.3704 -0.545244 3.16723 1.7269 0.904796 0.951481 34.8045 21.6371 -40.3926 0.35
1.6727 -0.484439 3.09777 0.288426 -0.499432 -1.41456 3.39469 90.851 -98.6728 0.3
1.67754 -0.518746 3.01615 -0.0949335 -0.87284 -1.85032 -9.1826 67.1514 -66.9414 0.05
1.46165 -0.945778 2.28129 -1.63216 -2.54341 -4.0285 99.3249 -26.8503 -81.4334 0.25
1.40933 -1.09025 1.96757 0.585698 -0.34605 -2.2459 50.6745 61.009 24.9746 0.1
1.3657 -1.22543 1.65419 -1.45817 -2.35757 -4.02173 -27.6215 18.8504 -49.8205 0.1
1.31079 -1.32467 1.47136 -0.73849 -1.61212 -3.29142 -56.0243 96.5032 78.5124 0.05
1.24451 -1.52477 1.03212 -0.1452 -1.0558 -2.56515 56.814 -42.9207 51.5214 0.15
1.69205 -1.50415 0.442388 2.13426 1.14744 -0.055888 45.4025 -23.1216 47.1627 0.45
1.82626 -1.79318 -0.277808 -1.53777 -2.432 -3.14499 -10.1759 24.8717 -13.5144 0.45
1.91067 -1.84786 -0.52028 2.66326 1.70296 -0.0879669 85.5596 82.3944 -17.2813 0.15
3.2742 -0.930262 -0.0913652 3.39685 2.37524 1.99425 40.4894 -63.6371 87.3844 0.45
3.42367 -0.831638 -0.0124445 2.58224 1.56974 1.16257 -6.68139 51.2528 -96.992 0.05
3.63419 -0.770088 0.0262866 0.224612 -0.749068 -0.646157 -18.0339 -10.0638 0.78232 0.15
3.66 -0.883612 -0.0341154 0.119594 -0.764586 -0.159203 -68.0896 40.9307 83.8192 0.15
3.73404 -1.02633 -0.0502026 0.472746 -0.377139 0.0305059 -0.015851 49.5376 -6.51046 0.25
