0 0 0 0 0 0 0 0 0 0
0.0697129 0.0683306 0.0353853 1.39426 1.36661 0.707706 61.2617 95.6327 -79.2152 0.1
-0.215417 -0.231009 -0.311401 -3.67529 -3.76133 -3.48199 54.9065 -89.5312 -18.4827 0.25
-0.41339 -0.455638 -0.621835 1.69557 1.51504 0.37765 90.3056 75.7466 -21.3159 0.2
0.372429 0.283495 -0.14211 6.16262 5.87629 4.4196 98.673 -34.2328 85.2976 0.2
1.00694 0.88774 0.321262 6.52753 6.20861 4.84785 68.5966 -51.489 45.2384 0.1
2.29574 2.01643 1.37386 -1.37231 -1.69384 -0.637467 21.0807 -75.7293 33.3006 0.5
2.06277 1.7521 1.2437 -3.28708 -3.59284 -1.96563 -3.05825 -67.7797 36.8099 0.1
0.936472 0.48771 0.39626 -3.14891 -3.63223 -2.87692 95.4628 -14.4558 -56.4457 0.35
1.07329 0.459118 0.279529 4.06105 3.44162 2.09871 87.5237 76.8707 -34.543 0.3
1.65562 0.884039 0.358369 -0.178893 -0.608806 -1.57312 -73.283 84.7875 -39.8143 0.3
1.35946 0.518496 -0.133817 -3.76979 -4.26511 -4.98936 84.9052 -79.6673 -91.3558 0.15
1.24997 0.149383 -0.935116 3.3318 2.78866 1.78416 34.477 10.7768 67.926 0.5
2.06846 0.669902 -0.878725 -0.0578243 -0.706582 -1.5586 51.5998 -22.3725 -27.063 0.5
2.07986 0.545445 -1.12838 0.17179 -0.53798 -0.937947 65.5007 -72.4828 62.8572 0.2
2.10029 0.495687 -1.20221 0.236938 -0.457185 -0.538704 -2.87371 -21.2234 84.851 0.1
2.1205 0.48081 -1.22032 0.57119 -0.137908 -0.185531 64.6782 -42.3579 55.2843 0.05
2.57517 0.740515 -0.950587 2.45994 1.86927 1.98374 -38.1781 63.0472 53.6542 0.3
2.66926 0.749682 -0.845737 -1.20539 -1.74705 -0.585735 -28.0972 -66.2684 39.2224 0.15
2.4722 0.501489 -0.970274 -2.73572 -3.2168 -1.90501 -69.4362 76.4434 -40.5477 0.1
1.87564 -0.197816 -1.39659 -3.22994 -3.77625 -2.35814 68.6199 -43.589 1.38522 0.2
1.4687 -0.86261 -1.56918 1.19525 0.452275 1.49517 93.1464 -40.9007 39.4593 0.4
1.76717 -0.675832 -1.26797 2.78437 2.03809 2.52105 23.5686 80.434 -27.6285 0.15
2.82319 0.101301 -0.171051 1.90905 1.41583 2.35414 -63.0046 79.1403 20.6768 0.45
2.96285 0.166088 0.0435846 -0.0468315 -0.552018 0.507668 32.1296 -12.2403 -48.5853 0.15
2.97461 0.127089 0.0908421 0.282036 -0.227943 0.437482 27.4054 80.4806 -72.8895 0.1
3.01888 0.0896994 0.133758 0.308121 -0.270592 0.134732 88.193 -21.2073 -39.2126 0.15
