0 0 0 0 0 0 0 0 0 0
-0.667707 -0.699827 -0.77336 -3.81547 -3.99901 -4.4192 97.9978 -40.8909 -87.5394 0.35
-0.869464 -0.910923 -1.00311 -4.25483 -4.44482 -4.77071 39.401 -39.4522 0.32422 0.05
-0.219788 -0.333443 -0.827778 8.58601 8.29469 5.93958 70.3477 89.787 74.6031 0.3
1.01022 0.793345 -0.334629 -3.11929 -3.28674 -3.74781 -20.4754 -22.5939 -36.204 0.45
0.492038 0.248786 -0.959122 -3.78986 -3.97405 -4.57877 36.8521 15.7562 -44.1571 0.15
0.534144 0.142339 -1.7444 3.95828 3.54827 1.43765 87.2144 3.43424 14.2228 0.5
1.05622 0.503547 -1.74183 -1.86998 -2.10343 -1.42735 -32.0066 -36.3297 75.7435 0.5
1.1676 0.547529 -1.584 2.50645 2.35475 2.32921 -14.2999 86.2972 25.7422 0.35
2.412 1.72543 -0.370603 5.78956 5.49794 5.7601 89.4057 -72.2906 84.4831 0.3
2.58398 1.80135 0.441613 -4.9297 -5.11834 -1.69902 -17.8343 -93.4557 47.8177 0.4
1.86846 1.00833 0.32225 0.159575 -0.168477 0.903274 89.1514 90.6347 -93.3428 0.3
1.86433 0.970834 0.39184 -0.242079 -0.581405 0.488534 37.0078 -1.79765 -19.1192 0.1
1.85265 0.941827 0.415503 -0.225311 -0.578897 0.457986 62.5599 -15.4425 -11.6221 0.05
1.8426 0.896236 0.462553 0.024345 -0.332916 0.483001 25.7517 50.0424 -35.5739 0.1
1.84153 0.87725 0.481732 -0.0669026 -0.426523 0.284167 27.2976 46.55 -56.8199 0.05
2.26826 1.11833 0.670599 1.77381 1.39084 0.471303 27.2248 68.0285 -54.3521 0.5
2.36103 1.17538 0.673716 0.0815888 -0.249835 -0.408968 -56.0574 -49.8834 96.4882 0.1
2.40949 1.04102 0.618429 0.133782 -0.347303 0.163247 69.5777 -62.2621 38.5092 0.45
2.44939 0.916437 0.696366 0.0942506 -0.364622 0.282107 10.905 16.7643 13.0417 0.35
2.31856 0.656724 0.609644 -1.14091 -1.71308 -0.975884 87.4495 -59.2765 -16.9356 0.25
2.28248 0.561308 0.582873 0.419233 -0.195227 0.44047 82.9508 -29.2795 62.8912 0.1
2.29301 0.540682 0.593424 0.00210688 -0.629832 -0.0184435 72.0925 -28.2146 -55.3912 0.05
2.28622 0.417702 0.612553 -0.070055 -0.599968 0.209742 -55.2674 71.7788 28.5965 0.2
1.72522 -0.309851 0.0911823 -3.13566 -3.55747 -3.18901 -25.4494 83.6701 -72.6555 0.35
0.683882 -1.55551 -1.08528 -1.4925 -1.97877 -2.03973 41.5265 11.0198 0.314742 0.45
0.511036 -1.82968 -1.33109 -0.235959 -0.762946 -0.418313 50.4677 -53.1477 86.0109 0.2
1.40638 -1.10888 -0.803456 6.20493 5.56826 3.93585 74.4682 82.4462 -38.4296 0.3
2.97602 0.115733 0.0749521 0.0736321 -0.669811 -0.422218 51.945 -86.7002 25.7777 0.5
3.00112 -0.00542361 0.023718 0.177323 -0.541754 -0.0901231 2.25802 13.7241 31.9765 0.2
3.02708 -0.0525043 0.0166211 0.341954 -0.399859 -0.0518142 53.99 0.0671809 -13.1076 0.1
3.04345 -0.072244 0.0168962 0.312915 -0.38973 0.062819 -95.7463 91.9154 55.2582 0.05
