0 0 0 0 0 0 0 0 0 0
-0.252849 -0.246468 -0.163769 -2.52849 -2.46468 -1.63769 -26.963 -14.7357 35.6166 0.2
-0.368418 -0.359414 -0.23868 -2.09427 -2.05315 -1.35876 87.5547 -3.57019 -14.5271 0.05
-1.62904 -1.59296 -0.97066 -2.94821 -2.88102 -1.56917 12.5812 -0.575445 24.5329 0.5
-1.3932 -1.35682 -0.239524 4.12739 4.0617 5.22485 69.5201 -27.7609 90.2848 0.4
-0.858578 -0.826204 0.523702 3.00094 3.01316 4.9515 -56.6414 -4.18683 89.6768 0.15
-0.792398 -0.754305 0.930748 -2.11854 -2.05451 0.475767 -30.8556 -7.34939 -86.6688 0.15
-1.17986 -1.1342 0.932946 -3.04758 -3.0107 -0.446459 47.1254 -16.4438 -25.5689 0.15
-1.70343 -1.6644 1.02492 -1.141 -1.23097 1.18225 95.4728 -49.4109 28.5324 0.25
-2.03036 -2.0077 1.05316 -3.21812 -3.34631 -0.805728 58.0586 -38.9086 -53.0222 0.15
-2.41093 -2.47509 1.54191 1.52669 1.26901 2.97794 62.9377 6.16114 15.8841 0.45
-2.35762 -2.43439 1.67161 0.605932 0.359223 2.21035 -12.2145 -5.57505 -27.598 0.05
-2.3334 -2.42239 1.77223 0.362742 0.120486 1.81421 7.11121 86.0614 -97.7972 0.05
-1.36728 -1.63083 2.75703 3.50174 3.04577 2.12502 83.6275 48.0794 -89.4486 0.5
-1.53763 -1.93128 2.40912 -4.47518 -4.7626 -4.11311 -51.0333 2.82636 -10.741 0.35
-1.92813 -2.3519 2.03923 -3.33477 -3.6498 -3.28467 61.2013 26.3329 -3.23025 0.1
-1.8555 -2.41414 1.69266 3.69792 3.33857 1.55183 36.7241 97.7734 -29.3055 0.4
-0.750915 -1.45105 1.70524 1.82501 1.47691 -1.48894 16.1399 73.3236 -92.3275 0.4
-0.718195 -1.50772 0.964447 -1.56326 -1.9303 -4.4374 31.5328 -30.6399 -26.7577 0.25
-0.507419 -1.3578 0.64537 4.3736 3.92919 0.183041 96.7172 91.1258 20.0194 0.15
0.101765 -0.965953 -0.45867 -1.66611 -2.18763 -5.08989 45.6901 -45.5432 -25.5935 0.45
0.130528 -1.14694 -1.73459 1.79395 1.38325 -0.580885 -16.1768 12.4453 97.5585 0.45
0.312131 -1.00598 -1.77461 1.83811 1.43594 -0.219515 7.67407 -29.9625 80.9643 0.1
1.63166 0.0658624 -1.36929 3.44 2.85142 1.84082 75.5385 -64.5474 50.4665 0.5
1.74852 0.101289 -1.41837 -1.88177 -2.37907 -2.49518 -69.8476 -5.70937 -44.2052 0.15
2.04932 0.207067 -1.341 3.60063 2.98351 2.93724 71.0247 -39.8452 92.8325 0.35
2.21256 0.339507 -1.20358 2.92889 2.31408 2.55982 13.4721 -86.7516 70.7095 0.05
1.36363 -0.717396 -1.58011 -7.17357 -7.5986 -4.4425 -49.9845 -49.8794 42.6576 0.4
0.0576206 -2.26132 -2.37798 1.36911 0.736727 0.896412 88.5724 69.6112 -54.2372 0.45
1.15602 -1.47031 -1.298 3.51268 2.77884 3.9035 53.7083 -58.5445 80.3499 0.45
1.58676 -1.19015 -0.754039 0.794654 0.0227906 1.53613 48.4737 -49.5884 -24.9861 0.2
2.4051 -0.682747 -0.0263972 3.29708 2.51422 2.10208 24.3793 99.638 -77.4064 0.4
2.83269 -0.429325 0.281311 0.12359 -0.486849 0.359586 -81.8685 23.5149 58.9572 0.25
2.84605 -0.479377 0.307826 0.143587 -0.514177 0.170714 90.4183 -25.6283 -36.3058 0.1
2.86197 -0.528874 0.310348 0.174807 -0.475765 -0.120266 9.65239 86.2208 -72.9916 0.1
2.88697 -0.567159 0.312983 0.325222 -0.289938 0.172968 -32.1569 47.1414 39.9528 0.1
2.90276 -0.582111 0.318711 0.306307 -0.308153 0.0561539 18.2355 53.1569 -45.3638 0.05
2.92992 -0.613243 0.326521 0.237023 -0.314489 0.100047 -72.9493 98.5222 15.6831 0.1
