R2
-0.9 -0.9 
-0.865492 -0.844004 
-0.830985 -0.788008 
-0.796477 -0.732011 
-0.76197 -0.676015 
-0.727462 -0.620019 
-0.692955 -0.564023 
-0.658447 -0.508027 
-0.623939 -0.452031 
-0.589432 -0.396034 
-0.554924 -0.340038 
-0.520417 -0.284042 
-0.485909 -0.228046 
-0.451401 -0.17205 
-0.416894 -0.116053 
-0.382386 -0.0600573 
-0.347879 -0.00406112 
-0.313371 0.0519351 
-0.278864 0.107931 
-0.236367 0.151671 
-0.19387 0.19541 
-0.151374 0.23915 
-0.108877 0.282889 
-0.0609432 0.209349 
-0.0130092 0.135808 
0.00169302 0.058783 
0.0163953 -0.018242 
0.0310975 -0.0952671 
0.0457997 -0.172292 
0.0908713 -0.235064 
0.135943 -0.297837 
0.188848 -0.31497 
0.241753 -0.332103 
0.310325 -0.257958 
0.378897 -0.183814 
0.4171 -0.123922 
0.455303 -0.06403 
0.493506 -0.00413814 
0.531709 0.0557537 
0.5624 0.126108 
0.593091 0.196461 
0.623782 0.266815 
0.654473 0.337169 
0.685163 0.407523 
0.715854 0.477877 
0.746545 0.548231 
0.777236 0.618585 
0.807927 0.688938 
0.853964 0.794469 
0.9 0.9 

