0 0 0 0 0 0 0
-0.851696 -0.652061 -8.51696 -6.52061 -10.497 -85.5802 0.2
-1.44287 -1.20654 3.78759 2.08476 88.6168 83.404 0.25
-0.391716 -0.78992 6.72392 2.08146 88.2225 -53.9534 0.2
0.348397 -0.512592 8.07835 3.46509 28.2622 61.4178 0.1
2.477 0.491638 1.38213 0.998156 -8.16364 20.5703 0.45
2.49816 0.501238 -0.535982 -0.614169 4.96717 -99.6182 0.05
2.48756 0.363519 0.451172 -0.487585 43.1991 -6.83877 0.25
2.52301 0.366082 0.257846 0.538858 -19.3607 94.7535 0.1
2.5384 0.386915 0.357709 0.29445 56.9716 -42.1893 0.05
2.56061 0.379855 0.0866102 -0.435656 47.7903 -42.6595 0.1
2.56794 0.372687 0.206365 0.148953 -7.75831 88.862 0.05
2.60358 0.395504 0.150028 0.0792178 29.698 3.24233 0.2
2.60997 0.398045 0.105921 0.0224048 30.4465 -0.656518 0.05
2.79482 0.509394 3.59091 2.20457 81.5428 40.0789 0.1
2.88505 0.565894 0.0184219 0.0554403 -84.4384 -53.1571 0.05
