0 0 0 0 0 0 0 0 0 0
0.104796 0.111898 0.254771 0.419185 0.447591 1.01908 11.8899 1.81823 36.3228 0.5
-0.644238 -0.628704 0.11192 -4.16436 -4.1506 -1.73334 25.7329 -76.3105 51.669 0.4
-1.38946 -1.37816 0.204941 0.438229 0.403329 2.19845 38.3273 25.35 29.1042 0.4
-1.12692 -1.1272 0.780717 1.66216 1.60435 2.40776 33.882 74.4521 -64.8925 0.25
0.077022 0.0125584 2.12273 3.68868 3.46124 3.55674 76.152 -12.145 -11.1496 0.45
-0.0644255 -0.245836 1.96492 -4.39592 -4.75321 -4.34579 68.4013 -47.9678 -89.9881 0.4
-0.31016 -0.695528 1.01635 3.41298 2.95444 0.551524 50.3049 88.6563 -46.3708 0.5
0.0213335 -0.456874 0.833852 -0.0980419 -0.5679 -2.37653 28.692 -48.8435 -21.3317 0.2
0.0767325 -0.534314 0.159846 0.541234 -0.0516214 -3.01551 93.1942 27.2547 -95.6255 0.25
0.0175436 -0.858805 -1.08916 -0.837179 -1.57083 -3.2295 72.4544 -98.0068 61.4646 0.4
-0.0340613 -1.1061 -1.70493 0.42434 -0.407502 -1.69673 78.4918 -70.983 64.9798 0.25
-0.303901 -1.62576 -2.35665 -2.22327 -3.0569 -2.64802 21.1905 -91.1379 91.3961 0.3
-0.232926 -1.71828 -2.41371 2.93302 2.1317 2.07736 -3.62931 81.395 90.722 0.2
0.306476 -1.42574 -2.15593 0.662996 -0.18143 -0.358823 41.5947 0.875865 -48.1805 0.3
0.338839 -1.43566 -2.1708 0.631527 -0.215335 -0.235821 27.5225 -50.7614 75.5846 0.05
1.98601 -0.21225 -0.817507 5.95714 5.10896 5.64899 20.6988 -6.58403 89.3123 0.5
2.22516 -0.0922323 -0.510591 -2.76841 -3.50872 -1.55677 -86.2401 -53.1962 -85.3012 0.15
1.64009 -0.867237 -0.852585 -1.91217 -2.69132 -1.17918 43.326 24.127 -20.3182 0.25
1.63939 -0.990236 -0.786443 1.90286 1.05133 2.06108 91.7893 5.10932 60.4769 0.15
1.76166 -0.911181 -0.660825 2.98803 2.11085 2.96365 96.3231 -3.32018 44.8921 0.05
1.92924 -0.787484 -0.495069 3.71504 2.83701 3.66658 22.7927 20.6849 72.5096 0.05
2.52084 -0.455071 0.0635733 0.228943 -0.620922 0.0577058 6.40189 37.7899 -71.3501 0.3
2.62357 -0.658593 0.0448641 0.284749 -0.396692 -0.151252 -42.0726 97.0022 -18.9483 0.4
2.65405 -0.696741 0.0379595 0.3248 -0.366254 0.0131586 34.5493 -24.4845 37.804 0.1
