0 0 0 0 0 0 0 0 0 0
-0.0835066 -0.0536557 -0.0250313 -3.34026 -2.14623 -1.00125 -31.7577 33.3544 16.4033 0.05
-0.778884 -0.539834 -0.178079 -0.633321 -0.63193 0.126693 77.3952 20.2153 13.3803 0.35
-0.508773 -0.355227 0.016842 4.2348 3.09336 2.47225 94.2407 35.747 30.6605 0.15
-0.303981 -0.249593 0.12601 -0.138975 -0.980689 -0.288894 51.7756 -11.0966 -53.0249 0.1
-0.255661 -0.246421 0.151857 2.07179 1.10758 1.32279 73.5641 57.7575 95.7135 0.05
0.611604 0.327355 0.361961 6.60087 4.63017 0.77824 83.8948 90.6432 -87.329 0.2
0.861639 0.483662 0.347256 3.40051 1.62211 -1.36645 48.3818 -24.2567 -97.6007 0.05
2.15293 1.21367 0.26577 6.92986 4.21799 0.714566 78.7004 22.7325 29.9634 0.25
2.8877 1.29228 -0.0157092 0.417846 -3.43196 -3.52935 86.5239 -61.4496 -11.8526 0.2
3.00968 0.607483 -0.791064 0.192036 0.00798931 -0.347421 27.1074 68.6678 34.1441 0.4
3.01487 0.6054 -0.800183 0.0154976 -0.0913138 -0.0173513 57.5862 1.25901 65.6603 0.05
